875
1431
1566
1570
1663
1700
1720
1738
1836
1869
1871
1880
1913
1916
1917
1964
2002
2009
2020
2034
2036
2047
2067
2084
2090
2099
2151
2153
2158
2165
2179
2181
2184
2185
2187
2197
2221
2243
2244
2246
2262
2263
2272
2286
2291
2296
2295
2311
2323
2325
2327
2326
2329
2332
2331
2338
2353
2357
2382
2387
2391
2406
2418
2419
2420
2428
2433
2434
2436
2437
2440
2441
2445
2452
2460
2472
2475
2492
2493
2495
2504
2516
2522
2524
2541
2542
2543
2545
2548
2551
2557
2555
2566
2567
2570
2573
2575
2580
2586
2587
2589
2590
2591
2592
2595
2599
2606
2613
2614
2615
2624
2626
2627
2633
2641
2642
2645
2657
2656
2664
2665
2666
2667
2669
2670
2672
2673
2677
2687
2691
2693
2695
2704
2705
2709
2724
2734
2737
2738
2740
2741
2742
2743
2744
2750
2752
2753
2754
2767
2768
2773
2775
2776
2777
2779
2782
2785
2789
2792
2795
2797
2796
2800
2801
2804
2807
2809
2814
2816
2818
2817
2819
2820
2824
2826
2827
2828
2832
2833
2834
2835
2836
2841
2842
2843
2846
2848
2850
2859
2862
2865
2867
2873
2874
2875
2878
2879
2884
2885
2886
2887
